10 0.2 2 1 10917 0.000101 10917 0.000149 10874 0.000113 10874 0.000111
10 0.2 2 2 5989 0.000091 5989 0.000112 9836 0.000091 9836 0.000098
10 0.2 2 3 3938 0.000094 3938 0.000109 4029 0.000106 4029 0.000113
10 0.2 2 4 3478 0.000095 3478 0.000112 3303 0.000123 3303 0.000131
10 0.2 2 1 10917 0.000086 10917 0.000110 10874 0.000088 10874 0.000096
10 0.2 2 2 5989 0.000090 5989 0.000107 9836 0.000090 9836 0.000099
10 0.2 2 3 3938 0.000080 3938 0.000094 4029 0.000090 4029 0.000097
10 0.2 2 4 3478 0.000083 3478 0.000100 3303 0.000107 3303 0.000114
10 0.2 2 5 2952 0.000082 2952 0.000100 3313 0.000109 3313 0.000114
10 0.2 2 6 2773 0.000079 2773 0.000099 3245 0.000121 3245 0.000125
